#order, degree, frequency (median), error (symmetric), error plus, error minus, frequency (mode), flag (not in use yet)
9     1     569.000671237   1.3265293115    570.310499482   567.657440859   568.929807428   1
10    1     607.95280072    0.472585720535  608.351659982   607.406488541   608.189836877   1
11    1     639.562647792   0.751431938224  640.340754229   638.837890352   639.562320182   1
10    2     653.201450692   1.71229506696   655.124739365   651.700149231   652.927169474   1
11    0     658.578662385   1.32805347109   659.798978642   657.1428717     658.969550134   1
12    1     682.90340485    0.411516930932  683.319347776   682.496313914   682.938098271   1
11    2     704.364664891   1.7467131277    706.098275442   702.604849186   704.694003258   1
12    0     710.572215082   1.00334133471   711.58222536    709.575542691   710.966627778   1
13    1     732.107983961   0.282769433394  732.408436676   731.842897809   732.194875205   1
12    2     760.678040012   1.21888919803   761.878272395   759.440493999   760.668374295   1
13    0     765.163489143   0.710028012168  765.748661494   764.32860547    765.146090484   1
14    1     768.742055933   0.397756039891  769.189996833   768.394484754   768.893843069   1
15    1     797.459979584   0.282097766051  797.723388854   797.159193321   797.40095607    1
13    2     814.290255611   0.834026733435  815.05060344    813.382549973   814.313027584   1
14    0     819.371800391   0.537076538279  819.943706873   818.869553796   819.33123444    1
16    1     846.459553529   0.296845804219  846.76325501    846.169563401   846.513690016   1
14    2     868.379251517   0.795321291183  869.177440695   867.586798113   868.411505672   1
15    0     871.049620936   0.555074335895  871.622907456   870.512758784   871.051282029   1
17    1     897.472137219   0.30802953487   897.77783979    897.161780721   897.514596887   1
15    2     920.126093746   0.507781201644  920.649333404   919.633771001   920.265611124   1
16    0     925.530487671   0.323932196597  925.866490437   925.218626044   925.548193004   1
18    1     949.800711332   0.400153435582  950.215216841   949.41490997    949.742553938   1
16    2     975.549179842   0.83664608954   976.424122271   974.750830092   975.634828651   1
17    0     978.408232401   0.487669718494  978.916347175   977.941007738   978.465353237   1
19    1     1003.20669644   0.434205585969  1003.6188497    1002.75043853   1003.218613     1
17    2     1029.65429435   0.569403932034  1030.24495126   1029.10614339   1029.77223605   1
18    0     1034.16166766   0.557746103312  1034.72046733   1033.60497512   1034.23691558   1
20    1     1058.25750806   0.443108356675  1058.71158824   1057.82537153   1058.3416672    1
18    2     1084.57189101   0.890383952436  1085.5013248    1083.7205569    1084.54892283   1
19    0     1088.97578997   0.637285421738  1089.6366918    1088.36212095   1088.9697348    1
21    1     1113.25216182   0.587289030019  1113.8373485    1112.66277044   1113.25298613   1
19    2     1139.70783369   1.24369214302   1141.01507504   1138.52769075   1139.68592122   1
20    0     1142.90880027   0.694364129334  1143.65747426   1142.268746     1142.99151385   1
22    1     1168.85745932   0.500103254215  1169.34235642   1168.34214992   1168.89360727   1
20    2     1195.16626703   0.904546811948  1196.06116071   1194.25206709   1195.00722676   1
21    0     1198.7873475    0.646583220127  1199.42962215   1198.13645571   1198.70240763   1
23    1     1222.35654901   0.572260292242  1222.90481308   1221.7602925    1222.41710971   1
21    2     1248.08514823   1.05081500395   1249.13396658   1247.03233657   1247.85539138   1
22    0     1252.69737122   1.10675620297   1253.77828241   1251.56477      1252.54490248   1
24    1     1277.56039358   0.649939407735  1278.20363947   1276.90376066   1277.64519099   1
22    2     1302.51674788   1.6943366566    1304.41516898   1301.02649567   1302.15204428   1
23    0     1305.46630472   0.817000067297  1306.2232227    1304.58922257   1305.49686961   1
25    1     1331.17040313   0.744309677376  1331.96680394   1330.47818459   1331.11535602   1
23    2     1354.86589899   1.66590420423   1356.4101168    1353.07830839   1354.8621902    1
24    0     1361.23064798   1.4750564606    1362.70251916   1359.75240624   1360.89830389   1
26    1     1385.68360515   0.81721185206   1386.47733945   1384.84291574   1385.54328903   1
27    1     1440.51637097   1.56014272897   1441.9177585    1438.79747304   1441.17429403   1
